|1||9||7| |6||8||5| |3||2||4|
-----------------------------
|6||3||4| |1||9||2| |5||7||8|
-----------------------------
|5||2||8| |4||7||3| |9||6||1|
-----------------------------

|9||4||3| |8||1||7| |6||5||2|
-----------------------------
|2||7||5| |3||6||4| |8||1||9|
-----------------------------
|8||1|(|9|) |0||5||0| |0||0||7|
-----------------------------

|0||6||0| |9||4||1| |0||0||0|
-----------------------------
|7||0||0| |5||0||0| |4||0||0|
-----------------------------
|4||0||9| |0||0||8| |2||0||0|
-----------------------------

############################################################
MODIFICAR 5,1
|1||9||7| |6||8||5| |3||2||4|
-----------------------------
|6||3||4| |1||9||2| |5||7||8|
-----------------------------
|5||2||8| |4||7||3| |9||6||1|
-----------------------------

|9||4||3| |8||1||7| |6||5||2|
-----------------------------
|2||7||5| |3||6||4| |8||1||9|
-----------------------------
|8|(|2|)|0| |0||5||0| |0||0||7|
-----------------------------

|0||6||0| |9||4||1| |0||0||0|
-----------------------------
|7||0||0| |5||0||0| |4||0||0|
-----------------------------
|4||0||9| |0||0||8| |2||0||0|
-----------------------------

